0001100000011000011111100011110000011000000110000010010001100110
0001100000011000011111101001100100011000001111000010010001100110
0001100000011000111111110001100000011000001111000010010001100110
0001100010011001011111100001100000011000001111000010010001100110
0001100010011001011111100001100000011000000110000010010000100100
0011110001100110111001111011110110111101000110000010010001100110
1011110111100111111001110011110000111100001111000010010001100110
0011110011111111001111000001100001111110000110000010010000100100
0011110011111111001111000001100001111110000110000010010001100110
0011110001111010111111111111110011111000111111110111111000111100
0011110001110010111111111111100011111000111111110111111000111100
0011110001111110110110111111111110111101110000110111111000111100
0011110001111110110110111111111111111111110000110111111000111100
0001100000111100010110101111111110111101101001010010010001100110
0001100000111100011111101111111110111101101001010010010001100110
1001100110111101111111110111111000111100001001000010010001100110
1001100110111101110110110111111000111100001001000010010001100110
0111111001111110000110000001111100011111000110000111111001111110
0111111001111110000110001111100011111000000110000111111001111110
0001100011011011110110111111111111111111110000111100001100000000
0000000011000011110000111111111111111111110110111101101100011000
1001100110111101101111011111111110111101101111011001100110000001
1001100110111101101111011111111111111111101111011001100110000001
0010010001111110110110110111111000011000000110000010010001100110
0010010001111110011111100111111000011000000110000010010001100110
0010010001111110011111100111111000011000001111000010010000100100
1000000101000010001111001111111110111101001001000100001000100100
1000000101000010001111001111111110111101001001000010010001100110
1000000110011001111111110011110000111100111111111001100110000001
0000000010011001111111110001100000011000111111111001100100000000
0111111011111111111111110011110000011000000110000001100000011000
1000000010000110100011111111111101111100010101000101010001010100
1000000010000110110011110111111001111100010101000101010001010100
0000000010000001110110111011110110111101100110011000000111000011
0000000010000001110110111011110110111101100110011000000110000001
0001100000011000000110000011110001111110011111101111111111111111
0001100000011000001111000011110001111110011111101111111111111111
0000000000011000001111000111111011011011100000010000000000000000
0001100000011000001111000111111011111111111111110001100000011000
0001100000111100011111100111111011111111111111110001100000011000
0001100000011000000000000111111010011001000110000001100000011100
0001100000011000100000010111111000011000000110000001100000111000
0011110001111110111111110101001001001010001010010010010100010101
0011110001000010001111000010010000100100001001000010010011100111
0011110001000010010000100011110000100100001001000010010011100111
0011110001000010010000100011110000100100001001000010010001100110
0011110001000010010000101011110110100101001001000010010001100110
0011110001000010100000011010010110000001100110010100001000111100
0011110001000010100000011010010110011001100000010100001000111100
0011110000100100001111000001100000111100000110000010010000100100
0001100000011000000110001111111111111111000110000001100000011000
0111111010000001101101011011010110000001101111011000000101111110
0111111010000001101011011010110110000001101111011000000101111110
0111111010000001101001011010010110000001101111011000000101111110
0111111010000001101001011010010110000001101111010100001000111100
0011110001000010101001011010010110000001101111010100001000111100
0010010000100100111111111011110100111100001001000010010001100110
0010010000100100111111110011110000111100001001000010010000100100
0001100000011000111111110001100000011000001001000100001010000001
0001100010011001011111100001100000011000001001000100001010000001
0001100010011000011111000001101000011001001001000100001010000001
0001100000011001001111100101100010011000001001000100001010000001
1000000110000001110000111111111100011000001001000100001010000001
1000000110000001111111111111111100011000001001000100001010000001
0011110001000010100101011011010110000001100000010101011000101010
0011110001000010101001011010110110000001100000010101011000101010
0001100000100100010000101001100101000010001001000001100000000000
0001100000100100010000101000000101000010001001000001100000000000
0001100000100100010000101010010101000010901001000101101001000010
0001110000100010000111000100100100111110000010000001010000110110
0001110000100010000111000000100000111110010010010001010000110110
0010010000011000000110001111111100100100000110000001100000000000
0000000001100110011001100111111101100110011001100000000000000000
0000000001100110011001101111111001100110011001100000000000000000
0000011001100110011001101111111111111111011001100110011000000110
0110000001100010011000101111111111111111011000100110001001100000
1000000101000010001111000010010000100100001111000100001010000001
0001100000011000001111000111111011011011000110000011110001011010
0101101000111100000110001101101101111110001111000001100000011000
0001000010011000010011001111111111111111010011001001100000010000
0000100000011001001100101111111111111111001100100001100100001000
1111111000010000011111001000001010000010011111000001000111111110
1111111000010000011111001000111010000010011111000010100111111110
0011100000001000000010000011110000100100000110000010010000111100
0001111000010000000100000011110000100100000110000010010000111100
1000010010001010010010100111110010000100011111000101010001010100
0000010000001010000010100111110010000100011111000101010001010100
0100000010100000101000000111111001000001011111100101001001010010
0100001010100001101000010111111001000010011111100101001001010010
1110011110100101011111100100001001000010010000100011110000000000
0001100000111100111111111111111110000001100000011000000111100111
0001100000100100110000111111111110000001100000011000000111100111
0000011100000101001000100001010000001101001100100010100000100100
0000011100000101001111110100110001001110000011000000110000010010